ID Lat Lon Dep Mag Strike Dip Rake
336 48.489189 -123.634717 21.007 0.6 -1234 -1234 -1234
340 48.493962 -123.637752 21.143 1 -1234 -1234 -1234
408 48.478866 -123.595711 17.358 0.9 -1234 -1234 -1234
412 48.509436 -123.66512 21.993 0.6 -1234 -1234 -1234
423 48.482296 -123.633219 20.007 0.7 -1234 -1234 -1234
466 48.490027 -123.66027 20.893 0.5 -1234 -1234 -1234
470 48.494775 -123.63208 22.868 1.4 -1234 -1234 -1234
529 48.500057 -123.666992 16.915 1.4 -1234 -1234 -1234
599 48.492403 -123.667253 20.709 0.7 -1234 -1234 -1234
661 48.493669 -123.610465 23.369 0.9 -1234 -1234 -1234
693 48.496484 -123.610042 25.598 0.9 -1234 -1234 -1234
694 48.508565 -123.651961 24.404 0.4 75 45 70
709 48.504386 -123.715438 23.635 0.3 -1234 -1234 -1234
712 48.504854 -123.70603 22.885 1.3 285 85 -160
743 48.49233 -123.642757 22.464 0.9 -1234 -1234 -1234
745 48.487154 -123.649618 20.531 0.3 -1234 -1234 -1234
763 48.498149 -123.633984 21.375 1.8 -1234 -1234 -1234
769 48.483883 -123.587777 21.822 0.7 -1234 -1234 -1234
838 48.491732 -123.633789 20.035 1.3 -1234 -1234 -1234
842 48.488924 -123.672127 19.95 0.9 -1234 -1234 -1234
905 48.485372 -123.616903 22.709 0.5 -1234 -1234 -1234
920 48.49412 -123.629061 22.124 0.3 -1234 -1234 -1234
944 48.492981 -123.642513 18.945 1 -1234 -1234 -1234
955 48.499939 -123.636344 23.301 1.6 200 85 20
1069 48.492147 -123.595695 22.018 0.6 -1234 -1234 -1234
1102 48.488114 -123.627865 25.397 0.4 260 69 159
1153 48.511723 -123.67946 24.88 1.1 -1234 -1234 -1234
1164 48.50898 -123.645304 22.089 0.8 17 75 13
1176 48.501086 -123.692627 22.013 0.7 290 41 96
1249 48.484005 -123.651799 20.487 0.3 -1234 -1234 -1234
1279 48.511686 -123.733846 19.242 1.4 -1234 -1234 -1234
1301 48.491097 -123.65804 20.967 0.9 -1234 -1234 -1234
1353 48.485815 -123.647241 19.913 0.9 -1234 -1234 -1234
1395 48.494556 -123.640641 23.011 0.7 -1234 -1234 -1234
1396 48.490584 -123.63999 24.243 1 -1234 -1234 -1234
1399 48.493933 -123.635661 25.141 1.2 -1234 -1234 -1234
1400 48.494954 -123.631193 24.999 3 -1234 -1234 -1234
1428 48.480115 -123.596875 20.985 0.7 -1234 -1234 -1234
1450 48.491691 -123.643001 23.844 0.1 -1234 -1234 -1234
1476 48.485274 -123.579663 23.8 1 -1234 -1234 -1234
1478 48.499304 -123.593595 20.811 0.5 -1234 -1234 -1234
1483 48.489583 -123.648722 20.834 1.4 -1234 -1234 -1234
1495 48.497298 -123.625391 25.578 0.5 -1234 -1234 -1234
1512 48.496997 -123.677775 19.034 1 -1234 -1234 -1234
1519 48.495162 -123.663745 21.039 1.2 -1234 -1234 -1234
1523 48.494641 -123.624097 21.129 0.7 -1234 -1234 -1234
962 48.481295 -123.568099 5.48 0.6 -1234 -1234 -1234
1517 48.502091 -123.588599 2.279 1.3 -1234 -1234 -1234
ID Lat Lon Dep Mag Strike Dip Rake
352 48.540857 -123.481852 22.75 1 -1234 -1234 -2468
354 48.540413 -123.467782 23.882 1 -1234 -1234 -2468
359 48.536161 -123.476196 21.892 2 -1234 -1234 -2468
361 48.537366 -123.478752 21.999 2.1 -1234 -1234 -2468
362 48.539494 -123.476742 22.002 0.9 -1234 -1234 -2468
363 48.539872 -123.4771 21.359 1.2 -1234 -1234 -2468
364 48.539836 -123.471338 21.157 0.8 -1234 -1234 -2468
365 48.536759 -123.468205 21.811 0.4 -1234 -1234 -2468
367 48.536015 -123.477148 21.975 1.9 -1234 -1234 -2468
420 48.554626 -123.481925 25.557 2 -1234 -1234 -2468
469 48.509469 -123.512524 28.048 1 -1234 -1234 -2468
472 48.528548 -123.529736 20.483 0.8 -1234 -1234 -2468
482 48.545398 -123.466366 24.926 0.9 -1234 -1234 -2468
530 48.516435 -123.490169 13.08 1.4 -1234 -1234 -2468
543 48.529537 -123.538892 19.668 1.2 -1234 -1234 -2468
544 48.551196 -123.473861 24.024 0.7 -1234 -1234 -2468
550 48.55411 -123.438883 23.429 1 -1234 -1234 -2468
564 48.560824 -123.473372 20.915 1.3 -1234 -1234 -2468
582 48.567 -123.544661 8.516 0.7 -1234 -1234 -2468
593 48.53925 -123.46661 21.726 1 -1234 -1234 -2468
621 48.390946 -123.497095 32.682 0.6 -1234 -1234 -2468
679 48.54657 -123.457992 20.243 1.6 -1234 -1234 -2468
701 48.500334 -123.510628 13.69 0.7 -1234 -1234 -2468
781 48.545504 -123.454289 23.005 1.3 -1234 -1234 -2468
799 48.53741 -123.499243 23.285 0.4 -1234 -1234 -2468
823 48.564315 -123.472477 22.107 1.1 -1234 -1234 -2468
879 48.528512 -123.536654 21.547 0.7 -1234 -1234 -2468
899 48.52581 -123.503451 23.799 1.1 -1234 -1234 -2468
900 48.520646 -123.501416 24.028 0.3 -1234 -1234 -2468
995 48.531213 -123.495288 19.564 1.5 -1234 -1234 -2468
999 48.510559 -123.522323 22.144 1.2 -1234 -1234 -2468
1017 48.518396 -123.529875 18.612 1.2 -1234 -1234 -2468
1030 48.529806 -123.50245 19.239 1.2 -1234 -1234 -2468
1133 48.550879 -123.43855 24.652 0.3 -1234 -1234 -1179
1187 48.536353 -123.489128 19.945 1 -1234 -1234 -2468
1189 48.53842 -123.494897 20.287 1.1 5 55 -3
1347 48.53197 -123.467497 26.534 0.9 -1234 -1234 -2468
1372 48.514189 -123.510881 16.999 0.7 -1234 -1234 -2468
1373 48.52616 -123.500505 18.447 0.5 -1234 -1234 -2468
1374 48.526286 -123.494694 18.307 0.4 -1234 -1234 -2468
1375 48.51154 -123.5236 16.824 0.8 -1234 -1234 -2468
1376 48.510754 -123.51141 17.002 1.1 -1234 -1234 -2468
1379 48.524296 -123.501554 18.219 0.7 -1234 -1234 -2468
1380 48.49373 -123.517716 14.664 0.3 -1234 -1234 -2468
1391 48.523474 -123.495703 17.257 0.9 -1234 -1234 -2468
1393 48.522461 -123.505908 18.007 0.4 -1234 -1234 -2468
1398 48.515678 -123.501685 18.166 0.3 -1234 -1234 -2468
1415 48.521769 -123.502075 17.649 0.3 -1234 -1234 -2468
1432 48.553756 -123.471354 22.514 1.7 -1234 -1234 -2468
1439 48.552421 -123.459757 22.613 0.4 -1234 -1234 -1234
1511 48.550024 -123.449935 20.77 1.1 -1234 -1234 -1234
ID Lat Lon Dep Mag Strike Dip Rake
348 48.573885 -123.542082 27.109 0.9 -1234 -1234 -2468
350 48.573324 -123.548787 26.811 0.6 -1234 -1234 -2468
449 48.600618 -123.623071 22.29 1.8 -1234 -1234 -2468
535 48.573649 -123.583976 28.189 1.1 -1234 -1234 -2468
576 48.61121 -123.647917 23.07 0.7 -1234 -1234 -2468
597 48.604687 -123.664046 23.855 0.9 -1234 -1234 -2468
637 48.566561 -123.500179 26.148 1.2 -1234 -1234 -2468
651 48.594478 -123.541919 26.117 0.9 -1234 -1234 -2468
664 48.593758 -123.614453 23.084 0.7 -1234 -1234 -2468
672 48.576648 -123.539095 27.978 0.7 -1234 -1234 -2468
685 48.624618 -123.589868 23.898 0.5 -1234 -1234 -2468
798 48.603524 -123.623014 20.769 0.9 -1234 -1234 -2468
865 48.575574 -123.517505 24.321 1.6 -1234 -1234 -2468
881 48.591695 -123.56202 20.323 1.1 -1234 -1234 -1015
1192 48.584595 -123.653166 24.809 0.9 -1234 -1234 -1192
1196 48.60354 -123.649845 19.995 0.7 -1234 -1234 -2468
1200 48.604891 -123.713411 21.916 0.8 219 49 -52
1214 48.589587 -123.548486 25.586 0.9 42 47 -4
1256 48.573157 -123.522266 24.389 0.7 -1234 -1234 -2468
1277 48.571134 -123.51748 25.065 1.4 -1234 -1234 -2468
1310 48.609574 -123.688208 23.47 1.4 -1234 -1234 -2468
1334 48.607914 -123.604712 21.716 0.4 -1234 -1234 -2468
1337 48.612081 -123.636426 17.523 1 -1234 -1234 -2468
1469 48.588208 -123.518953 25.706 0.5 -1234 -1234 -1234
1493 48.604077 -123.633797 22.787 0.6 -1234 -1234 -1234
1500 48.606128 -123.656242 22.088 0.3 -1234 -1234 -1234
ID Lat Lon Dep Mag Strike Dip Rake
337 48.461003 -123.486304 23.12 0.8 -1234 -1234 -1234
338 48.460693 -123.491219 23.475 0.6 -1234 -1234 -1234
392 48.477352 -123.370809 23.808 0.6 -1234 -1234 -1234
442 48.46224 -123.475863 8.298 1.4 -1234 -1234 -1234
513 48.469674 -123.466504 22.267 0.7 -1234 -1234 -1234
514 48.471847 -123.390568 22.881 1.7 -1234 -1234 -1234
536 48.476461 -123.422477 23.194 0.9 -1234 -1234 -1234
537 48.475553 -123.392651 26.668 1.4 -1234 -1234 -1234
559 48.467647 -123.422534 12.598 0.6 -1234 -1234 -1234
560 48.486202 -123.492521 3.337 1.4 -1234 -1234 -1234
561 48.474483 -123.404102 19.297 0.7 -1234 -1234 -1234
565 48.482613 -123.482829 4.141 1.3 -1234 -1234 -1234
586 48.473116 -123.461613 25.863 0.7 -1234 -1234 -1234
603 48.480371 -123.424382 20.456 1 -1234 -1234 -1234
629 48.473783 -123.458 21.282 0.6 -1234 -1234 -1234
641 48.468066 -123.461873 9.096 1 -1234 -1234 -1234
677 48.490715 -123.447339 22.237 0.8 -1234 -1234 -1234
678 48.488306 -123.447331 22.217 0.9 -1234 -1234 -1234
740 48.49113 -123.445329 21.775 0.6 -1234 -1234 -1234
746 48.475964 -123.424406 21.258 0.7 -1234 -1234 -1234
775 48.488135 -123.407544 22.274 2.2 280 90 -170
776 48.485392 -123.420117 21.97 0.8 -1234 -1234 -1234
777 48.495361 -123.421566 19.415 0.9 -1234 -1234 -1234
790 48.452136 -123.473429 24.058 0.9 -1234 -1234 -1234
808 48.452783 -123.476904 24.007 0.8 -1234 -1234 -1234
901 48.478373 -123.41224 19.383 0.7 -1234 -1234 -1234
961 48.475907 -123.479834 21.472 1 -1234 -1234 -1234
964 48.456307 -123.459318 23.141 1.1 -1234 -1234 -1234
970 48.4955 -123.443579 21.831 1 -1234 -1234 -1234
998 48.493433 -123.424178 24.791 1.6 -1234 -1234 -1234
1000 48.481063 -123.434839 24.887 0.9 -1234 -1234 -1234
1001 48.453365 -123.480216 15.294 1.6 -1234 -1234 -1234
1016 48.484082 -123.3802 26.194 0.7 -1234 -1234 -1234
1018 48.485339 -123.412158 22.494 1.5 -1234 -1234 -1234
1019 48.488916 -123.401424 19.307 1.9 -1234 -1234 -1234
1020 48.47439 -123.463615 16.239 1 -1234 -1234 -1234
1043 48.482259 -123.476652 5.65 1.2 -1234 -1234 -1234
1047 48.478064 -123.503589 3.566 1.3 -1234 -1234 -1234
1060 48.480636 -123.413932 22.927 1 -1234 -1234 -1234
1077 48.474451 -123.481014 24.326 1.1 -1234 -1234 -1234
1079 48.479785 -123.410303 24.675 0.8 -1234 -1234 -1234
1093 48.476619 -123.4257 21.246 1.5 154 41 -69
1097 48.481425 -123.486629 7.646 0.7 -1234 -1234 -1234
1104 48.482788 -123.483 5.768 1 -1234 -1234 -1234
1218 48.496187 -123.419491 25.416 1.3 -1234 -1234 -1234
1225 48.471057 -123.426107 19.452 1.4 -1234 -1234 -1234
1237 48.480204 -123.395825 23.176 1.5 -1234 -1234 -1234
1250 48.48442 -123.448698 21.477 0.4 -1234 -1234 -1234
1265 48.489941 -123.382284 21.401 0.1 -1234 -1234 -1234
1266 48.483964 -123.37937 22.144 0.8 -1234 -1234 -1234
1269 48.489494 -123.482357 2.259 1.1 -1234 -1234 -1234
1274 48.494775 -123.36993 21.127 0.7 -1234 -1234 -1234
1304 48.485372 -123.387158 24.229 0.4 -1234 -1234 -1234
1352 48.478825 -123.485986 4.366 1 -1234 -1234 -1234
1392 48.467188 -123.449227 21.397 0.3 -1234 -1234 -1234
1421 48.480229 -123.487817 2.646 0.3 -1234 -1234 -1234
1429 48.477942 -123.50284 3.408 1.1 -1234 -1234 -1234
1468 48.481392 -123.394189 22.636 1.2 -1234 -1234 -1234
1471 48.466166 -123.483195 24.234 1.3 -1234 -1234 -1234
ID Lat Lon Dep Mag Strike Dip Rake
413 48.456372 -123.212467 20.41 1 -1234 -1234 -1234
434 48.500545 -123.299089 28.343 0.5 -1234 -1234 -1234
444 48.482056 -123.24034 31.918 1.3 -1234 -1234 -1234
454 48.452694 -123.299357 20.035 2 -1234 -1234 -1234
455 48.448446 -123.304118 22.104 0.7 -1234 -1234 -1234
471 48.448836 -123.272909 24.477 0.9 -1234 -1234 -1234
492 48.479822 -123.22194 27.069 0.4 -1234 -1234 -1234
493 48.494568 -123.286841 30.364 1.2 -1234 -1234 -1234
508 48.471159 -123.27146 23.809 0.8 -1234 -1234 -1234
512 48.468522 -123.274406 23.55 0.5 -1234 -1234 -1234
516 48.500321 -123.24659 29.733 0.7 -1234 -1234 -1234
517 48.46335 -123.27915 23.196 0.8 -1234 -1234 -1234
518 48.449744 -123.270605 23.199 0.9 -1234 -1234 -1234
522 48.465422 -123.274666 23.799 0.9 -1234 -1234 -1234
524 48.487073 -123.237337 27.811 1.1 -1234 -1234 -1234
526 48.461051 -123.270719 22.041 0.7 -1234 -1234 -1234
527 48.463586 -123.278613 22.969 1 -1234 -1234 -1234
531 48.459635 -123.308244 20.025 1.4 -1234 -1234 -1234
549 48.47229 -123.28785 21.285 0.7 -1234 -1234 -1234
558 48.459379 -123.317668 21.789 0.5 -1234 -1234 -1234
566 48.468396 -123.274723 21.746 0.6 -1234 -1234 -1234
585 48.478247 -123.236784 26.107 2 -1234 -1234 -1234
594 48.459835 -123.290715 23.951 0.5 -1234 -1234 -1234
596 48.493766 -123.235352 26.476 0.7 -1234 -1234 -1234
600 48.499695 -123.239307 24.41 0.8 -1234 -1234 -1234
602 48.4677 -123.273446 21.947 0.6 -1234 -1234 -1234
617 48.47078 -123.280949 22.367 1.2 -1234 -1234 -1234
619 48.459196 -123.275781 24.744 2.5 55 60 80
620 48.490092 -123.28256 18.331 1.9 -1234 -1234 -1234
624 48.459591 -123.2427 23.696 0.7 -1234 -1234 -1234
626 48.460661 -123.295256 18.91 0.5 -1234 -1234 -1234
668 48.473678 -123.274634 21.547 0.8 -1234 -1234 -1234
673 48.509892 -123.31888 26.978 0.7 -1234 -1234 -1234
687 48.4809 -123.27321 23.156 0.6 -1234 -1234 -1234
697 48.468042 -123.288338 22.235 0.6 -1234 -1234 -1234
700 48.464909 -123.281689 23.048 0.6 -1234 -1234 -1234
704 48.472823 -123.254834 20.985 0.6 -1234 -1234 -1234
778 48.469845 -123.282161 21.727 0.5 -1234 -1234 -1234
782 48.468205 -123.275309 22.047 0.6 -1234 -1234 -1234
801 48.462052 -123.273079 22.306 0.7 -1234 -1234 -1234
802 48.460701 -123.273779 22.929 0.8 -1234 -1234 -1234
804 48.463912 -123.274097 22.157 0.5 -1234 -1234 -1234
809 48.453487 -123.314787 20.422 0.9 -1234 -1234 -1234
810 48.46637 -123.278442 22.422 0.5 -1234 -1234 -1234
813 48.461479 -123.260596 21.901 0.4 -1234 -1234 -1234
814 48.46189 -123.269067 22.727 0.8 -1234 -1234 -1234
817 48.468022 -123.253703 22.989 0.8 -1234 -1234 -1234
855 48.46368 -123.266838 22.458 0.6 -1234 -1234 -1234
861 48.516561 -123.234603 30.318 1.1 -1234 -1234 -1234
885 48.495752 -123.309139 26.388 0.3 -1234 -1234 -1234
888 48.469918 -123.243709 22.646 0.4 -1234 -1234 -1234
919 48.487093 -123.280355 17.043 0.6 -1234 -1234 -1234
951 48.467008 -123.268392 22.118 0.4 -1234 -1234 -1234
952 48.467387 -123.272518 26.446 0.8 -1234 -1234 -1234
958 48.481905 -123.235758 24.676 0.6 -1234 -1234 -1234
960 48.482332 -123.235067 26.456 1.5 -1234 -1234 -1234
969 48.465833 -123.268229 22.032 1.2 -1234 -1234 -1234
971 48.462931 -123.286328 20.145 0.8 -1234 -1234 -1234
990 48.484843 -123.29703 26.295 0.9 -1234 -1234 -1234
997 48.489889 -123.263729 25.279 0.4 -1234 -1234 -1234
1004 48.464673 -123.278459 22.21 1.1 -1234 -1234 -1234
1011 48.461894 -123.273983 22.901 0.6 -1234 -1234 -1234
1061 48.475114 -123.282764 22.537 0.9 -1234 -1234 -1234
1085 48.469014 -123.309814 22.778 1 207 36 6
1086 48.470162 -123.303499 22.051 0.1 -1234 -1234 -1234
1087 48.466581 -123.289876 23.47 0.2 -1234 -1234 -1234
1096 48.497327 -123.260067 27.338 1.4 277 54 178
1134 48.463411 -123.275814 22.889 0.9 140 51 72
1145 48.469462 -123.262183 22.439 0.4 -1234 -1234 -1234
1155 48.463924 -123.274414 22.416 0.6 128 29 1
1217 48.457564 -123.286906 21.054 0.5 -1234 -1234 -1234
1233 48.437931 -123.288696 15.821 1.3 -1234 -1234 -1234
1235 48.454456 -123.306999 19.892 0.9 -1234 -1234 -1234
1236 48.465194 -123.276839 22.396 1.3 -1234 -1234 -1234
1238 48.463879 -123.286011 20.427 0.9 -1234 -1234 -1234
1245 48.456921 -123.286198 21.147 1 -1234 -1234 -1234
1263 48.50424 -123.31543 26.71 1 -1234 -1234 -1234
1297 48.466561 -123.278231 23.138 1.3 -1234 -1234 -1234
1305 48.46224 -123.282259 22.14 0.6 -1234 -1234 -1234
1306 48.468722 -123.27806 23.083 1.3 -1234 -1234 -1234
1378 48.490678 -123.275106 25.635 0.8 -1234 -1234 -1234
1386 48.487423 -123.281616 26.337 0.9 -1234 -1234 -1234
1389 48.491073 -123.289404 26.324 2.2 -1234 -1234 -1234
1472 48.473214 -123.257284 24.486 0.7 -1234 -1234 -1234
1487 48.462484 -123.278556 22.631 1.2 -1234 -1234 -1234
1488 48.463826 -123.283944 22.499 0.5 -1234 -1234 -1234
1492 48.502958 -123.294417 27.595 2.4 -1234 -1234 -1234
1496 48.461011 -123.279769 23.26 1.1 -1234 -1234 -1234
1497 48.454675 -123.281071 24.053 0.8 -1234 -1234 -1234
1503 48.465275 -123.27876 22.836 1 -1234 -1234 -1234
1504 48.483541 -123.282788 21.044 0 -1234 -1234 -1234
1505 48.46748 -123.329858 21.908 0.5 -1234 -1234 -1234
1515 48.503035 -123.270199 25.462 1.4 -1234 -1234 -1234
1516 48.464998 -123.285132 22.821 0.9 -1234 -1234 -1234
1518 48.457715 -123.281421 21.35 0.3 -1234 -1234 -1234
1521 48.459778 -123.298527 22.776 1.5 -1234 -1234 -1234
1528 48.462211 -123.282707 22.2 0.8 -1234 -1234 -1234
