ID,Lat,Lon,Dep,Mag
280,48.683691,-123.258634,20.482,0.7
283,48.591923,-123.108228,7.858,0.7
310,48.626530,-123.509041,42.315,0.8
335,48.690092,-123.223177,20.103,0.4
336,48.493660,-123.631405,22.177,0.6
337,48.462862,-123.483187,24.628,0.8
338,48.463009,-123.488534,24.912,0.6
339,48.622921,-123.007731,17.023,0.9
340,48.498332,-123.635368,21.963,1.0
341,48.500549,-123.259904,44.703,1.1
342,48.458541,-123.400977,27.059,1.1
343,48.217428,-123.277165,42.817,2.0
345,48.413586,-123.033236,28.572,1.1
346,48.377450,-123.284611,41.307,0.8
347,48.440617,-123.543018,8.692,0.8
348,48.572673,-123.540869,26.742,0.9
349,48.347807,-123.132104,46.595,0.6
350,48.572884,-123.548250,26.552,0.6
352,48.538371,-123.490552,25.475,1.0
353,48.609412,-123.002393,16.905,0.6
354,48.537052,-123.475529,26.908,1.0
355,48.639441,-123.151611,16.476,0.7
356,48.641044,-123.155973,17.849,0.7
359,48.533492,-123.484945,24.682,2.0
361,48.534635,-123.487020,24.939,2.1
362,48.537789,-123.474585,23.885,0.9
363,48.538281,-123.475065,23.461,1.2
364,48.538180,-123.469198,23.203,0.8
365,48.534562,-123.470874,24.202,0.4
366,48.697310,-123.304720,22.079,1.1
367,48.532910,-123.484839,24.627,1.9
369,48.449792,-123.419808,8.760,0.8
370,48.598197,-123.115625,7.365,1.0
371,48.598812,-123.111336,7.967,0.6
372,48.464758,-123.437646,22.604,1.2
373,48.625818,-123.037541,21.474,1.5
374,48.623645,-123.011393,17.802,0.9
375,48.625212,-123.013021,17.835,1.2
376,48.618949,-122.992008,14.876,0.9
379,48.645251,-123.056592,20.397,0.9
380,48.454264,-123.527051,13.641,0.8
381,48.647603,-123.159277,12.631,0.8
382,48.669092,-123.301050,24.566,1.0
384,48.492867,-123.788403,21.819,0.9
386,48.496468,-123.786816,20.610,0.7
388,48.241715,-123.123185,19.957,0.8
390,48.587268,-123.083553,10.715,0.6
392,48.477999,-123.366089,25.278,0.6
396,48.533984,-123.094084,44.354,0.9
397,48.600313,-123.037345,17.837,1.2
398,48.602344,-123.052661,15.217,0.4
399,48.598551,-123.030086,17.424,1.2
400,48.237655,-123.285229,38.309,0.9
401,48.590153,-123.042147,13.778,0.5
402,48.593258,-123.029411,16.648,0.4
403,48.583329,-123.025789,12.816,0.7
404,48.301811,-123.423861,12.727,2.0
405,48.600472,-123.041154,16.199,0.5
406,48.216081,-123.117334,9.498,1.0
407,48.598844,-123.106087,9.550,1.8
408,48.485917,-123.594539,18.391,0.9
409,48.618734,-123.020443,16.966,1.3
410,48.387931,-123.081600,20.844,1.1
411,48.648556,-123.151017,55.123,1.9
412,48.513062,-123.662134,22.835,0.6
413,48.464608,-123.222762,22.116,1.0
415,48.608321,-123.030623,16.760,1.3
416,48.442586,-123.396045,20.355,1.5
417,48.633781,-123.149178,14.156,0.5
418,48.616321,-123.005623,18.382,0.8
419,48.596464,-123.098877,9.251,0.7
420,48.553088,-123.482422,27.487,2.0
421,48.604553,-123.040641,18.105,0.8
422,48.595601,-123.031356,17.865,2.0
423,48.486426,-123.630347,20.955,0.7
424,48.447131,-123.419914,12.567,1.0
425,48.634843,-123.037671,21.185,0.6
426,48.650085,-123.349536,22.504,1.8
427,48.439278,-123.003646,25.925,1.0
428,48.591972,-123.027816,16.831,0.7
429,48.603389,-123.055379,18.002,0.4
430,48.365247,-123.474235,20.645,0.5
431,48.464526,-123.105794,30.005,1.0
434,48.505990,-123.297437,29.508,0.5
435,48.583647,-123.097241,6.140,1.0
436,48.414237,-123.415828,4.165,0.8
437,48.412968,-123.130794,27.751,1.1
438,48.648710,-123.220125,23.974,0.7
439,48.640609,-123.679411,25.302,1.9
440,48.622437,-123.100488,9.415,0.7
441,48.278223,-123.074992,43.597,1.0
442,48.462081,-123.466195,9.854,1.4
443,48.220817,-123.127913,7.601,1.0
444,48.490670,-123.235221,32.369,1.3
445,48.609391,-123.040332,14.356,0.6
446,48.241060,-123.136434,18.965,1.1
448,48.584489,-123.121265,8.324,1.3
449,48.600301,-123.619019,23.138,1.8
450,48.593982,-123.048535,15.610,0.8
451,48.597607,-123.034619,18.090,0.8
453,48.473234,-123.529858,17.397,1.0
454,48.457279,-123.296045,20.549,2.0
455,48.455200,-123.296395,22.055,0.7
456,48.611092,-123.040299,16.754,1.1
457,48.608325,-123.036491,16.030,0.6
458,48.609871,-123.029736,16.720,0.6
459,48.693001,-123.276562,17.356,0.8
460,48.660103,-123.018815,54.684,2.0
461,48.551322,-123.990161,21.849,1.5
462,48.599854,-123.035132,14.151,0.7
463,48.245605,-123.143595,22.559,1.7
464,48.601237,-123.093457,11.946,0.7
465,48.320280,-123.372705,22.951,1.5
466,48.494706,-123.657487,22.019,0.5
467,48.683223,-123.098730,23.109,1.1
468,48.631144,-123.072835,61.104,2.8
469,48.505538,-123.521143,30.753,1.0
470,48.499190,-123.630461,23.454,1.4
471,48.455347,-123.271777,24.856,0.9
472,48.518974,-123.533740,25.258,0.8
473,48.356425,-123.080330,31.895,0.5
475,48.487561,-123.704378,29.102,0.6
477,48.536930,-123.468848,27.973,0.7
480,48.610482,-123.109554,16.391,3.0
481,48.548450,-123.645955,23.175,0.5
482,48.542814,-123.474259,27.816,0.9
483,48.598051,-123.030843,18.299,0.9
484,48.560209,-122.987085,56.441,1.0
486,48.269271,-123.401611,41.422,0.8
487,48.595406,-123.030127,19.057,1.0
488,48.371448,-123.232349,26.909,0.7
489,48.671871,-123.054370,54.655,1.5
490,48.585588,-123.114388,8.440,1.1
491,48.238635,-123.176709,26.106,1.1
492,48.489779,-123.227441,26.924,0.4
493,48.502144,-123.285311,31.199,1.2
494,48.651123,-123.221672,51.033,2.0
495,48.255888,-123.079972,40.561,1.5
496,48.680619,-123.379338,18.637,0.5
498,48.348975,-123.331763,41.194,1.2
499,48.604199,-123.101701,6.691,1.2
500,48.433525,-123.591683,18.213,1.4
501,48.432585,-123.630591,3.891,0.7
502,48.275431,-123.024308,27.657,0.6
503,48.317045,-123.511165,29.939,0.7
504,48.570634,-123.023869,3.830,0.8
506,48.262740,-123.156152,28.329,1.5
507,48.272852,-123.036873,20.698,0.7
508,48.476265,-123.266618,24.338,0.8
509,48.601400,-123.032552,18.552,2.5
511,48.398067,-123.265055,42.693,0.7
512,48.472168,-123.271655,24.496,0.5
513,48.471643,-123.464445,23.477,0.7
514,48.473279,-123.387345,24.154,1.7
515,48.596944,-123.029175,17.743,1.4
516,48.502600,-123.241870,31.326,0.7
517,48.466964,-123.276896,24.137,0.8
518,48.454077,-123.266154,23.772,0.9
519,48.606124,-123.030013,11.923,0.9
520,48.604740,-123.034416,13.797,0.9
521,48.605575,-123.027246,11.778,0.8
522,48.469185,-123.271940,24.745,0.9
523,48.367151,-123.182959,46.374,0.7
524,48.494482,-123.232161,28.312,1.1
525,48.609485,-123.038029,18.455,0.6
526,48.465072,-123.265771,22.695,0.7
527,48.467159,-123.276278,23.888,1.0
528,48.208244,-123.422534,20.172,1.4
529,48.503691,-123.665112,17.645,1.4
530,48.513363,-123.503019,14.927,1.4
531,48.460352,-123.300472,21.154,1.4
532,48.378353,-123.807446,38.537,1.8
533,48.607023,-123.029020,13.636,0.7
534,48.600936,-123.093294,9.232,1.5
535,48.572233,-123.582585,27.978,1.1
536,48.478715,-123.419084,24.242,0.9
537,48.477018,-123.388273,27.899,1.4
538,48.545581,-123.768327,22.960,1.0
539,48.547493,-123.765983,22.776,1.3
540,48.545736,-123.768205,23.071,1.8
541,48.380135,-123.318896,14.393,1.6
542,48.327738,-123.299951,46.228,3.3
543,48.527332,-123.551017,21.278,1.2
544,48.549040,-123.482365,26.929,0.7
545,48.549463,-123.768343,22.669,1.2
546,48.550012,-123.765690,23.357,1.6
547,48.549072,-123.766097,22.595,1.1
548,48.672213,-123.268213,21.011,0.6
549,48.472327,-123.278296,22.728,0.7
550,48.551831,-123.446663,26.435,1.0
551,48.673458,-123.253141,20.741,0.3
552,48.401363,-123.524536,5.036,1.0
553,48.588546,-123.096037,8.241,0.7
554,48.669344,-123.248560,21.835,0.7
555,48.585628,-123.090470,8.041,1.1
556,48.590043,-123.085140,12.581,0.8
557,48.513904,-123.436914,25.060,0.6
558,48.463220,-123.312655,22.493,0.5
559,48.468152,-123.421460,13.732,0.6
560,48.483639,-123.514364,1.362,1.4
561,48.474886,-123.400960,20.573,0.7
562,48.439709,-123.355078,23.987,0.8
563,48.567029,-123.035807,46.605,0.5
564,48.560116,-123.479915,23.687,1.3
565,48.480066,-123.509310,1.122,1.3
566,48.472380,-123.269588,22.362,0.6
567,48.424943,-123.351676,29.808,1.1
569,48.612484,-123.127441,8.525,0.7
571,48.696834,-123.266268,18.469,0.8
572,48.695874,-123.263013,18.418,1.0
574,48.652828,-123.284229,17.070,1.0
575,48.656637,-123.286800,18.728,1.3
576,48.611117,-123.644857,24.022,0.7
577,48.602209,-123.119767,8.430,0.7
578,48.474878,-123.296086,55.835,3.9
579,48.474878,-123.296086,55.835,4.9
580,48.596785,-123.027108,16.992,1.1
581,48.606921,-123.034253,8.737,0.9
582,48.533484,-123.515592,23.609,0.7
583,48.599634,-123.118547,8.389,0.6
584,48.399736,-123.528475,5.151,1.6
585,48.483089,-123.232202,27.146,2.0
586,48.475460,-123.462948,27.388,0.7
587,48.237585,-123.251408,38.652,1.7
588,48.598104,-123.091756,8.992,1.4
589,48.598283,-123.095776,8.811,1.0
590,48.595984,-123.102873,7.597,0.9
591,48.598307,-123.104810,7.477,0.5
593,48.536495,-123.475684,24.675,1.0
594,48.466410,-123.288721,24.205,0.5
595,48.604358,-123.102580,13.138,0.9
596,48.495536,-123.229565,28.128,0.7
597,48.604903,-123.661060,24.892,0.9
598,48.603410,-123.102734,13.405,0.7
599,48.497066,-123.663875,21.913,0.7
600,48.505806,-123.235872,25.308,0.8
601,48.397534,-123.270036,42.244,1.7
602,48.469279,-123.265413,23.057,0.6
603,48.482166,-123.421916,21.579,1.0
604,48.339176,-123.372363,11.453,0.9
605,48.665833,-123.283057,21.367,0.9
606,48.467668,-123.184912,28.863,3.6
607,48.474080,-123.186621,26.354,0.9
608,48.472229,-123.188745,27.174,1.4
609,48.638623,-123.044548,22.417,2.9
611,48.403556,-123.231307,48.118,2.8
612,48.586768,-123.037313,14.149,0.9
613,48.605888,-123.068831,14.487,0.5
614,48.355440,-123.297673,21.051,1.2
615,48.683020,-123.193896,21.617,0.3
616,48.601750,-123.115495,8.022,0.6
617,48.471838,-123.275456,23.677,1.2
618,48.478988,-123.309196,43.761,1.7
619,48.462305,-123.271143,25.950,2.5
620,48.489657,-123.281559,20.319,1.9
621,48.535986,-123.463053,25.569,0.6
623,48.474890,-123.680778,19.305,0.9
624,48.463672,-123.239095,24.271,0.7
625,48.371582,-123.198535,46.951,1.3
626,48.461060,-123.287305,20.144,0.5
627,48.374508,-123.193823,9.297,0.6
628,48.479936,-123.153491,26.698,1.9
629,48.477132,-123.446273,23.887,0.6
630,48.600476,-123.043368,16.609,1.0
631,48.599255,-123.053939,15.781,0.5
632,48.596834,-123.038175,17.107,1.3
633,48.528971,-123.132511,5.041,0.4
634,48.674919,-123.295833,21.861,0.6
635,48.368205,-123.343758,15.006,0.7
636,48.407320,-123.102417,24.424,1.2
637,48.565039,-123.501847,25.875,1.2
638,48.608708,-123.113029,9.285,0.8
640,48.614042,-123.049382,16.136,0.4
641,48.463717,-123.448682,13.118,1.0
642,48.292436,-123.235164,25.428,0.5
643,48.290987,-123.240356,24.713,1.0
644,48.455469,-123.659880,24.316,0.1
645,48.480050,-124.380835,37.782,4.9
646,48.480050,-124.380835,37.782,2.9
647,48.668636,-123.270898,19.331,0.2
649,48.502645,-123.536727,9.112,0.2
650,48.462769,-123.019710,25.312,0.7
651,48.596362,-123.541642,25.756,0.9
652,48.598922,-123.037842,17.487,1.1
653,48.591654,-123.035547,15.606,0.7
654,48.374150,-123.100358,8.295,0.6
655,48.602189,-123.045907,17.352,0.4
656,48.505339,-123.361271,49.208,0.8
657,48.682800,-123.297559,22.586,0.8
658,48.638916,-123.150024,15.756,0.3
659,48.594499,-123.099569,8.036,0.7
660,48.693823,-123.236377,18.176,0.8
661,48.497709,-123.607804,24.262,0.9
662,48.702588,-123.255884,18.199,0.7
663,48.586658,-123.106331,8.340,0.5
664,48.594718,-123.609896,24.256,0.7
665,48.701066,-123.154069,19.509,0.9
666,48.690776,-123.269108,21.618,0.5
667,48.288542,-123.247884,24.677,0.5
668,48.473759,-123.266325,23.039,0.8
669,48.640519,-123.304508,15.358,0.8
670,48.570121,-122.994328,52.329,1.3
671,48.430278,-123.066300,19.942,0.7
672,48.577116,-123.539266,27.570,0.7
673,48.516073,-123.318368,27.880,0.7
674,48.617782,-123.068856,15.627,0.8
675,48.607666,-123.073665,8.794,0.5
676,48.619930,-123.069263,15.102,1.0
677,48.493949,-123.446460,23.155,0.8
678,48.490922,-123.447038,23.343,0.9
679,48.545426,-123.460677,22.923,1.6
681,48.682308,-123.668490,23.555,1.1
682,48.614856,-123.004468,16.417,0.6
683,48.504761,-123.063241,56.127,0.7
685,48.623999,-123.589958,24.504,0.5
686,48.292061,-123.164608,19.882,1.7
687,48.483659,-123.268693,24.336,0.6
688,48.604508,-123.111418,8.567,1.3
689,48.404565,-123.326758,15.130,0.6
690,48.373348,-123.501530,43.885,2.4
691,48.438017,-123.153141,19.183,0.3
692,48.602039,-123.113086,8.543,0.7
693,48.501371,-123.607576,26.199,0.9
694,48.515422,-123.645028,25.880,0.4
695,48.306893,-123.310962,39.640,1.1
696,48.585917,-123.095500,7.998,0.6
697,48.469104,-123.278491,23.365,0.6
698,48.679980,-123.282170,18.596,0.4
699,48.665780,-123.237386,22.846,0.3
700,48.469267,-123.274650,23.543,0.6
701,48.494307,-123.527360,16.228,0.7
702,48.350452,-123.607821,4.474,0.8
703,48.348100,-123.607422,4.494,0.5
704,48.475761,-123.249202,21.799,0.6
705,48.265584,-123.108350,25.858,0.7
706,48.543953,-123.355615,47.133,1.1
707,48.424809,-123.153337,31.095,0.8
708,48.354256,-123.275155,23.300,0.9
709,48.510205,-123.712199,24.375,0.3
710,48.603109,-123.037866,17.815,0.3
711,48.616850,-123.055876,18.148,0.5
712,48.510225,-123.703027,23.528,1.3
713,48.624276,-123.152287,16.675,0.6
714,48.481148,-123.158521,27.577,4.3
715,48.481291,-123.152173,26.077,0.8
716,48.479045,-123.154077,25.366,0.8
717,48.484167,-123.150098,25.552,0.7
718,48.481160,-123.153247,26.337,0.9
719,48.478577,-123.152018,26.281,1.9
720,48.489128,-123.150732,24.861,1.1
721,48.468616,-123.149845,23.864,0.8
722,48.478902,-123.157373,26.189,1.8
723,48.479753,-123.151758,26.391,1.5
724,48.487101,-123.156307,25.447,0.9
725,48.479085,-123.151416,26.406,1.4
726,48.477775,-123.158398,26.489,0.9
727,48.484721,-123.156958,26.371,0.8
728,48.481685,-123.155607,25.885,0.8
729,48.484123,-123.154639,26.481,0.7
730,48.480001,-123.169743,27.308,2.8
731,48.642830,-123.709456,25.202,0.7
732,48.479305,-123.151872,26.312,1.4
733,48.477726,-123.154175,26.545,1.4
734,48.351799,-123.436719,4.814,0.4
735,48.267887,-123.225602,21.753,0.6
736,48.445549,-123.602539,22.956,0.5
737,48.482186,-123.156779,26.860,0.3
738,48.447770,-123.364819,44.010,0.8
739,48.648287,-123.114461,22.415,0.3
740,48.493856,-123.443359,22.750,0.6
741,48.698739,-123.099292,25.136,0.7
742,48.295955,-123.458122,20.526,0.8
743,48.497119,-123.638965,23.653,0.9
744,48.383403,-123.523381,18.084,1.5
745,48.491606,-123.646077,21.800,0.3
746,48.478849,-123.423462,22.096,0.7
747,48.477722,-123.159635,25.514,1.0
748,48.614840,-123.009391,18.642,0.8
749,48.618152,-123.028385,17.156,1.1
750,48.613826,-123.027596,18.374,0.7
751,48.617069,-123.029525,17.409,0.7
752,48.615312,-123.019092,17.918,0.7
753,48.613778,-123.037012,16.558,0.9
754,48.479041,-123.158675,26.195,2.4
755,48.476115,-123.156576,26.485,1.0
756,48.482402,-123.169181,26.356,0.5
757,48.479513,-123.157682,25.257,0.7
758,48.605029,-123.018400,16.661,0.4
759,48.616593,-123.029508,19.361,2.1
760,48.607210,-123.110938,8.686,2.1
762,48.613175,-123.036507,17.917,0.3
763,48.501750,-123.630949,22.335,1.8
764,48.619649,-123.038590,16.738,0.7
765,48.612585,-123.064746,15.033,0.9
766,48.614335,-123.064502,14.974,1.0
768,48.544580,-123.173210,5.569,0.5
769,48.488383,-123.585238,22.730,0.7
770,48.662931,-123.177246,18.350,0.6
771,48.595186,-123.107796,6.863,0.3
772,48.592029,-123.108870,8.292,0.5
773,48.345947,-123.293376,17.718,1.6
774,48.444600,-123.665259,24.391,1.0
775,48.490222,-123.404818,23.393,2.2
776,48.487268,-123.418791,23.017,0.8
777,48.496871,-123.418140,20.780,0.9
778,48.471899,-123.274821,22.757,0.5
781,48.542920,-123.462240,25.942,1.3
782,48.473421,-123.272233,22.493,0.6
783,48.684285,-123.252409,20.870,0.8
784,48.597388,-123.039299,17.010,1.0
785,48.645182,-123.028084,22.364,0.4
786,48.259412,-123.066439,47.929,0.9
787,48.659705,-123.861711,21.915,0.8
788,48.595793,-123.106771,12.977,0.7
789,48.654757,-123.245605,54.935,0.6
790,48.455042,-123.473299,24.978,0.9
791,48.539803,-123.848674,25.694,0.3
792,48.598747,-123.041862,16.041,0.1
793,48.586511,-123.068302,8.335,0.4
794,48.385962,-123.239632,46.652,2.4
795,48.338668,-123.601750,2.148,0.8
796,48.595170,-123.087427,11.902,0.5
797,48.579606,-124.319132,41.007,1.5
798,48.603068,-123.618245,22.553,0.9
799,48.534574,-123.506453,26.325,0.4
800,48.475468,-123.253898,48.855,1.7
801,48.466191,-123.268465,22.966,0.7
802,48.464921,-123.269230,23.593,0.8
803,48.486340,-123.160140,25.839,0.6
804,48.468905,-123.270638,22.581,0.5
805,48.316109,-123.113493,20.545,0.2
806,48.438965,-123.148747,21.476,0.8
807,48.240084,-123.128092,20.818,0.7
808,48.455412,-123.474935,25.304,0.8
809,48.453857,-123.307161,21.710,0.9
810,48.470406,-123.273478,23.055,0.5
811,48.593909,-123.026115,18.096,0.3
812,48.227905,-124.104875,36.431,2.0
813,48.464469,-123.254810,22.734,0.4
814,48.468018,-123.267546,22.984,0.8
816,48.634798,-123.036955,15.067,1.2
817,48.472119,-123.249674,23.707,0.8
818,48.467542,-123.603719,24.888,0.5
819,48.224276,-123.134074,26.369,1.6
820,48.691174,-123.265007,16.277,0.5
821,48.602592,-123.034375,18.730,0.4
822,48.600956,-123.036206,17.467,0.4
823,48.563395,-123.482853,24.828,1.1
824,48.571944,-123.007894,54.894,2.4
825,48.625944,-123.131396,8.718,0.5
826,48.594470,-123.016854,15.246,0.1
827,48.635673,-123.030412,19.363,0.7
828,48.595260,-123.089347,14.911,0.5
829,48.596037,-123.029110,16.861,1.0
830,48.600810,-123.116064,7.232,0.5
832,48.669482,-123.250122,20.904,0.1
833,48.601322,-123.101896,6.843,0.6
834,48.593404,-123.117806,7.494,1.1
835,48.448409,-123.537842,8.859,1.0
836,48.613542,-123.042383,15.612,0.8
837,48.362716,-123.192318,44.278,0.3
838,48.495610,-123.631063,21.081,1.3
839,48.522538,-123.392798,28.764,1.1
840,48.617261,-123.113371,9.447,0.9
841,48.595231,-123.119336,48.853,0.5
842,48.493652,-123.669588,20.967,0.9
843,48.226603,-123.132251,24.095,0.8
844,48.600423,-123.035571,17.505,0.6
845,48.599976,-123.045907,17.147,0.7
847,48.638721,-123.027905,57.799,0.9
848,48.586076,-123.072876,4.102,1.5
849,48.606763,-123.103784,6.968,0.4
850,48.477799,-123.280396,46.423,0.8
851,48.515466,-123.139616,53.997,0.9
852,48.590751,-123.109676,8.112,0.6
853,48.687838,-123.267928,21.730,0.7
854,48.605269,-123.012858,26.100,0.6
855,48.469267,-123.263981,22.831,0.6
856,48.439836,-123.231576,25.804,0.9
857,48.353080,-123.062207,24.454,1.4
858,48.609810,-123.091471,7.580,0.4
859,48.684102,-123.887467,19.076,0.8
860,48.605363,-123.046623,16.421,0.8
861,48.517326,-123.228809,31.329,1.1
862,48.644902,-123.712956,22.290,1.0
864,48.294132,-123.202881,44.531,1.7
865,48.576489,-123.516431,23.827,1.6
866,48.694568,-123.271460,22.535,0.1
867,48.441488,-123.548096,8.650,1.4
868,48.604264,-123.102230,9.366,0.5
869,48.599935,-123.103817,8.940,0.7
870,48.446240,-123.733081,5.846,0.5
871,48.582373,-123.390527,53.845,1.6
872,48.362736,-123.318164,14.940,0.6
873,48.660543,-123.357430,19.941,0.5
874,48.356388,-123.011971,43.615,0.6
875,48.633952,-123.103687,22.763,1.4
876,48.645667,-123.480607,44.276,1.0
877,48.308305,-123.212321,44.871,0.4
878,48.605872,-123.413924,45.282,0.9
879,48.524870,-123.544442,24.743,0.7
880,48.573580,-123.039600,17.065,0.5
881,48.591984,-123.556689,20.818,1.1
882,48.452413,-123.442188,46.865,0.7
883,48.659688,-123.140723,21.116,0.7
884,48.291207,-123.095972,19.775,0.6
885,48.500191,-123.308317,27.506,0.3
886,48.644515,-123.118376,21.566,0.4
887,48.305872,-122.990706,44.525,1.3
888,48.474670,-123.239591,23.153,0.4
889,48.583476,-123.122917,47.878,0.8
890,48.513273,-123.342391,44.111,0.7
891,48.619881,-123.062712,17.818,0.5
892,48.614689,-123.054761,17.182,0.5
893,48.479053,-123.722526,20.496,0.8
894,48.598893,-123.025537,13.675,0.4
895,48.606612,-123.028914,13.396,0.4
896,48.656978,-123.229801,54.570,0.3
897,48.448324,-123.230623,47.795,0.4
898,48.647876,-123.132812,21.246,0.6
899,48.522164,-123.510262,26.783,1.1
900,48.517049,-123.509912,26.921,0.3
901,48.480562,-123.410726,20.329,0.7
902,48.487244,-124.402417,37.921,0.9
903,48.654834,-123.021232,18.725,1.2
904,48.628288,-123.132056,18.799,0.4
905,48.489677,-123.614339,23.304,0.5
906,48.632894,-123.118441,19.316,0.6
907,48.606913,-123.115177,8.865,1.0
908,48.608984,-123.045988,15.679,0.2
909,48.593681,-123.024162,18.194,0.5
910,48.613082,-123.053923,15.854,0.6
911,48.612569,-123.046305,16.965,0.4
912,48.349898,-123.331779,25.382,0.9
913,48.245072,-123.254696,27.418,0.8
914,48.547005,-123.041642,47.472,1.1
915,48.366728,-123.297909,28.049,0.9
916,48.404211,-123.999015,47.851,1.0
917,48.336125,-123.447282,21.634,1.2
918,48.649919,-123.235596,24.311,1.5
919,48.480933,-123.262996,19.601,0.6
920,48.498893,-123.626872,22.881,0.3
921,48.363074,-123.338363,25.277,0.3
922,48.596525,-123.120378,7.015,0.6
923,48.639400,-123.133358,18.700,0.5
924,48.641642,-123.127051,21.196,0.7
925,48.638635,-123.124976,20.571,0.5
926,48.645809,-123.132145,21.307,0.3
927,48.655424,-123.130509,20.270,0.9
928,48.697815,-123.345142,18.611,0.6
929,48.297856,-123.188452,23.209,1.3
930,48.280029,-124.176839,36.736,0.8
931,48.360173,-123.438118,24.157,0.5
932,48.234070,-123.132406,25.360,0.9
933,48.598140,-123.092456,9.940,0.2
934,48.549556,-123.531877,44.126,3.6
935,48.432048,-123.548283,9.792,1.0
936,48.695732,-123.280355,22.268,0.5
937,48.469621,-123.132560,28.399,0.7
939,48.654924,-123.068978,52.287,0.5
940,48.538725,-123.150073,5.653,1.0
941,48.585474,-123.074211,8.343,1.0
942,48.680090,-123.274292,19.277,0.5
943,48.664233,-123.138932,15.027,0.2
944,48.497510,-123.640373,19.861,1.0
945,48.426237,-123.245345,48.336,0.5
946,48.463485,-123.153003,3.324,0.4
947,48.361609,-123.527588,20.953,0.5
948,48.388660,-123.509993,21.677,0.5
949,48.520264,-123.437362,27.249,0.4
950,48.458366,-123.129167,4.371,0.9
951,48.471134,-123.263062,22.709,0.4
952,48.472306,-123.270597,27.258,0.8
953,48.227979,-123.129875,25.214,0.9
954,48.255082,-123.329289,20.632,0.3
955,48.504740,-123.633651,24.094,1.6
956,48.579289,-124.299845,41.795,2.9
957,48.331140,-123.334798,38.644,0.5
958,48.487236,-123.234855,25.429,0.6
959,48.324951,-123.193538,42.781,0.6
960,48.487821,-123.231388,27.485,1.5
961,48.477266,-123.476416,23.096,1.0
962,48.485771,-123.567961,3.142,0.6
963,48.645650,-123.042407,20.067,0.8
964,48.462728,-123.457397,24.009,1.1
965,48.391170,-123.300285,25.982,0.4
966,48.656047,-123.145223,21.418,0.1
967,48.642033,-123.129378,19.520,0.3
968,48.305001,-123.197664,46.680,4.0
969,48.470081,-123.263509,22.569,1.2
970,48.498763,-123.442700,22.660,1.0
971,48.462081,-123.276050,21.643,0.8
972,48.639616,-123.127401,19.071,0.2
973,48.624487,-123.115047,20.888,0.1
974,48.699630,-123.286540,19.869,0.4
975,48.640385,-123.136100,19.087,0.1
976,48.495341,-123.630086,14.488,0.7
978,48.395622,-123.243840,18.602,0.7
979,48.495825,-123.729093,22.737,0.4
980,48.455839,-123.164339,30.524,0.1
981,48.462252,-123.075171,22.808,0.7
982,48.455623,-123.064160,23.872,0.5
983,48.653076,-123.133301,22.231,0.9
984,48.636015,-123.020337,18.502,1.3
985,48.643811,-123.109619,21.935,0.7
986,48.529858,-124.390454,37.934,0.9
987,48.651477,-123.132544,21.998,0.8
988,48.463249,-123.092033,33.067,1.5
989,48.433614,-123.407959,25.915,0.9
990,48.487496,-123.295093,26.850,0.9
991,48.611670,-123.100871,17.301,0.9
992,48.630151,-123.127767,19.269,1.0
994,48.624394,-123.118148,20.132,1.1
995,48.529207,-123.507308,21.073,1.5
996,48.675631,-123.006364,24.702,1.3
997,48.495349,-123.260181,25.892,0.4
998,48.496379,-123.421509,26.144,1.6
999,48.505961,-123.529370,25.329,1.2
1000,48.483919,-123.431283,26.010,0.9
1001,48.453133,-123.478784,16.787,1.6
1002,48.606327,-123.103800,19.956,1.6
1003,48.602421,-123.108138,23.424,1.3
1004,48.468237,-123.273698,22.993,1.1
1005,48.626607,-123.121712,19.764,2.4
1006,48.618127,-123.094401,19.241,1.9
1007,48.643795,-123.139657,22.103,0.5
1008,48.646586,-123.144507,21.991,0.5
1009,48.473201,-123.631413,19.861,0.8
1011,48.467314,-123.270964,23.352,0.6
1012,48.681494,-123.315462,21.431,0.8
1013,48.369307,-123.339795,14.412,0.7
1014,48.601143,-123.110449,7.248,1.1
1015,48.391317,-123.214803,43.728,1.8
1016,48.485506,-123.376994,27.316,0.7
1017,48.515495,-123.543652,20.286,1.2
1018,48.488216,-123.410994,23.330,1.5
1019,48.490682,-123.399593,20.335,1.9
1020,48.475342,-123.462614,17.395,1.0
1021,48.604606,-123.052669,18.213,1.3
1022,48.596468,-123.037720,15.359,1.2
1023,48.606470,-123.058765,16.192,0.9
1024,48.620256,-123.067350,20.236,1.2
1025,48.609025,-123.065959,15.366,1.3
1026,48.609847,-123.062240,17.116,1.3
1027,48.609692,-123.066943,16.000,1.4
1028,48.604154,-123.057275,16.960,1.3
1029,48.619157,-123.058504,19.314,1.3
1030,48.526961,-123.513542,21.158,1.2
1031,48.605981,-123.044141,15.003,1.4
1032,48.610555,-123.060775,15.170,1.3
1033,48.618416,-123.081942,12.575,1.6
1034,48.602629,-123.045662,16.489,1.8
1035,48.599231,-123.052840,15.521,1.0
1036,48.607914,-123.057699,14.817,1.3
1037,48.526998,-123.426123,26.914,1.1
1038,48.609074,-123.051367,17.315,1.6
1039,48.668209,-123.292627,21.707,1.2
1040,48.609884,-123.049194,15.596,1.2
1041,48.588778,-123.226270,48.792,2.2
1042,48.606893,-123.058236,14.786,0.9
1043,48.475936,-123.499341,2.913,1.2
1044,48.455766,-123.118685,30.080,1.3
1045,48.463098,-123.118547,28.732,1.1
1046,48.637557,-123.150212,17.256,0.9
1047,48.475879,-123.526668,1.035,1.3
1048,48.348564,-123.127466,42.312,1.2
1049,48.602287,-123.053955,14.979,0.8
1050,48.681559,-123.342391,22.602,0.6
1052,48.535372,-123.460531,7.688,1.1
1053,48.447896,-123.229346,22.024,1.5
1054,48.595487,-123.112655,7.465,1.2
1055,48.702991,-123.290096,21.775,0.8
1056,48.350793,-123.744132,6.980,1.0
1057,48.630900,-123.128540,20.066,1.0
1058,48.596200,-123.111279,7.636,0.8
1059,48.420569,-124.393457,37.892,1.2
1060,48.483447,-123.412524,23.809,1.0
1061,48.478084,-123.277384,23.492,0.9
1062,48.268628,-123.253890,39.637,0.8
1063,48.231128,-123.103459,47.040,1.7
1064,48.651046,-123.165926,15.940,0.6
1065,48.244621,-123.122697,20.949,1.6
1066,48.643685,-123.167253,17.423,0.9
1067,48.665002,-123.425439,48.530,0.6
1068,48.691455,-123.312354,22.950,0.6
1069,48.495683,-123.593896,22.477,0.6
1070,48.582865,-123.106234,9.793,0.7
1071,48.621761,-123.041520,16.170,1.4
1072,48.618970,-123.035653,15.809,1.2
1073,48.619214,-123.035213,14.888,0.3
1074,48.640002,-123.130697,21.919,1.4
1075,48.636373,-123.133830,21.576,0.9
1076,48.687638,-123.301538,24.324,1.0
1077,48.492533,-123.484587,25.725,1.1
1078,48.600798,-123.105029,13.820,0.5
1079,48.481128,-123.410441,26.216,0.8
1080,48.637931,-123.042228,20.298,1.1
1081,48.221501,-123.135905,25.648,1.5
1082,48.501343,-123.620101,42.697,1.3
1083,48.457906,-123.206738,29.457,1.1
1084,48.613021,-123.433976,48.886,1.3
1085,48.472933,-123.305566,23.540,1.0
1086,48.472538,-123.297721,23.141,0.1
1087,48.472274,-123.286882,23.844,0.2
1088,48.355241,-123.600212,5.408,1.2
1089,48.687956,-123.090251,25.436,1.1
1090,48.223348,-123.124829,26.860,1.1
1091,48.311491,-123.278084,23.209,1.2
1092,48.309269,-123.260384,21.817,1.4
1093,48.478923,-123.423812,22.272,1.5
1095,48.648804,-123.044344,52.987,1.3
1096,48.501969,-123.257438,28.600,1.4
1097,48.481486,-123.480949,8.927,0.7
1098,48.315230,-123.200716,42.331,0.9
1099,48.539400,-123.568742,16.845,0.7
1100,48.410360,-123.026221,19.376,1.0
1101,48.397876,-123.245101,43.477,1.3
1102,48.492533,-123.625285,26.190,0.4
1103,48.356653,-122.972135,15.978,0.6
1104,48.475736,-123.507975,2.725,1.0
1105,48.597013,-123.099512,14.078,1.0
1106,48.689303,-123.089551,25.552,1.4
1107,48.683000,-123.079338,25.031,1.1
1108,48.463676,-123.693766,6.100,1.1
1109,48.246265,-123.264437,41.946,0.8
1110,48.420321,-123.198340,17.440,0.3
1111,48.595048,-123.109098,3.908,0.7
1112,48.633219,-123.022339,17.526,0.3
1113,48.651978,-123.209757,23.962,0.5
1114,48.640234,-123.156974,16.456,0.2
1115,48.302083,-123.031470,18.289,1.0
1116,48.642045,-123.137012,18.881,0.1
1117,48.634180,-123.126660,19.114,0.7
1118,48.519963,-123.452726,26.601,1.1
1119,48.476237,-123.517008,21.371,0.1
1120,48.391333,-123.680794,21.881,1.0
1121,48.221733,-123.168066,26.114,1.0
1122,48.598413,-123.121110,7.002,1.1
1123,48.368693,-123.462004,23.836,1.2
1124,48.591195,-123.063892,7.744,0.2
1125,48.611471,-123.053174,17.774,0.6
1126,48.610758,-123.049300,17.466,1.4
1127,48.604773,-123.039876,16.957,1.0
1128,48.595699,-123.051416,15.407,0.9
1129,48.611784,-123.040910,15.719,0.5
1130,48.198625,-123.248193,24.288,1.6
1131,48.603475,-123.045760,12.924,0.5
1132,48.619637,-123.055819,18.278,1.1
1133,48.549247,-123.436182,26.864,0.3
1134,48.467493,-123.272835,23.693,0.9
1136,48.611503,-123.073836,18.958,0.5
1137,48.608337,-123.049813,16.880,0.1
1139,48.598836,-123.189494,6.242,0.8
1140,48.638566,-123.236353,59.196,1.2
1141,48.637004,-123.099382,21.186,0.7
1143,48.309526,-123.872534,39.710,1.3
1144,48.478939,-123.017326,6.269,0.9
1145,48.474235,-123.256307,22.855,0.4
1146,48.593225,-123.085352,12.770,1.2
1147,48.395915,-123.355558,23.940,0.7
1148,48.398242,-123.356803,23.904,0.4
1149,48.694462,-123.071924,7.814,0.9
1150,48.690885,-123.080851,6.881,0.5
1151,48.367932,-123.744971,16.394,0.9
1152,48.331490,-123.422673,3.405,0.4
1153,48.511528,-123.674715,26.175,1.1
1154,48.538778,-123.439111,25.487,0.4
1155,48.468359,-123.269019,22.944,0.6
1157,48.589290,-123.034009,18.269,0.9
1158,48.320398,-123.257430,17.766,1.8
1159,48.322278,-123.261377,18.113,1.4
1160,48.578475,-123.041170,48.393,1.4
1161,48.597864,-123.105273,7.515,0.8
1162,48.493018,-124.337248,38.965,0.9
1163,48.693827,-123.992521,24.089,1.5
1164,48.513708,-123.642627,22.893,0.8
1165,48.401485,-123.344263,13.357,1.4
1166,48.395577,-123.359408,13.050,1.4
1167,48.678715,-123.148714,21.643,0.9
1168,48.612801,-123.115967,13.105,1.0
1169,48.393827,-123.023470,30.504,1.1
1171,48.629386,-122.982967,20.534,0.8
1172,48.406083,-123.504167,6.437,1.1
1173,48.671391,-123.261792,20.615,1.0
1174,48.649463,-123.022884,21.433,1.0
1175,48.546350,-123.413574,26.888,0.7
1176,48.520280,-123.692464,21.866,0.7
1177,48.519218,-124.434888,37.293,1.0
1178,48.640633,-123.141235,19.387,1.1
1179,48.654924,-123.017350,19.396,0.5
1180,48.650602,-123.131152,21.810,0.9
1181,48.361548,-123.316496,24.774,0.5
1182,48.411308,-123.497038,7.226,2.2
1183,48.396887,-123.229492,43.094,0.8
1184,48.611731,-123.055119,16.642,2.6
1185,48.601302,-123.059294,15.896,0.7
1186,48.604256,-123.055672,13.618,0.6
1187,48.533691,-123.498657,22.264,1.0
1188,48.687699,-123.255436,20.022,1.3
1189,48.536165,-123.506112,22.058,1.1
1190,48.560229,-123.817961,18.284,1.4
1192,48.584713,-123.649333,25.928,0.9
1193,48.398401,-123.294409,45.979,1.2
1194,48.476290,-123.517676,41.111,1.0
1195,48.386357,-123.350260,18.196,0.7
1196,48.604012,-123.645524,21.434,0.7
1197,48.600102,-122.988973,59.147,0.7
1198,48.646293,-123.136597,19.630,0.4
1199,48.645976,-123.131641,18.107,0.6
1200,48.607104,-123.710132,23.529,0.8
1201,48.662427,-123.230843,18.144,0.7
1202,48.677869,-123.270719,21.793,0.6
1203,48.408960,-123.311971,45.936,0.8
1204,48.256942,-123.219352,39.925,1.4
1205,48.651815,-123.013542,21.926,0.9
1206,48.252344,-123.360636,42.138,1.1
1207,48.658439,-123.052816,18.689,0.9
1208,48.418054,-123.174748,28.672,1.4
1209,48.396375,-123.975285,49.009,1.1
1210,48.310783,-123.198039,28.992,0.6
1211,48.187170,-123.156128,44.656,0.8
1212,48.530204,-123.667879,15.425,1.0
1213,48.394531,-123.982479,48.632,1.7
1214,48.590344,-123.547648,25.244,0.9
1215,48.612887,-123.100692,12.605,0.7
1216,48.635486,-123.034953,20.533,1.1
1217,48.462166,-123.283960,21.615,0.5
1218,48.498763,-123.416138,26.860,1.3
1219,48.218372,-123.092310,21.680,1.4
1220,48.616850,-123.115104,5.602,0.7
1221,48.463513,-123.064795,26.539,1.5
1222,48.587207,-123.045841,9.823,1.3
1223,48.398730,-123.349536,21.989,1.2
1224,48.605916,-123.018530,18.078,0.6
1225,48.471863,-123.423584,20.792,1.4
1226,48.555640,-123.369336,41.575,0.7
1227,48.689571,-123.146924,21.176,0.9
1228,48.685579,-123.144019,20.926,0.5
1229,48.689209,-123.144507,21.437,1.4
1230,48.589046,-123.084701,15.581,0.1
1231,48.358740,-123.348128,4.838,1.2
1232,48.655339,-123.443262,5.160,1.0
1233,48.440145,-123.282324,16.822,1.3
1234,48.303540,-123.216162,45.906,3.0
1235,48.457511,-123.302775,20.748,0.9
1236,48.469727,-123.271810,22.891,1.3
1237,48.481934,-123.393115,24.331,1.5
1238,48.467513,-123.282023,21.119,0.9
1239,48.599723,-123.094279,8.909,1.2
1240,48.601652,-123.105542,7.409,1.1
1242,48.596440,-123.096444,16.428,1.3
1243,48.282646,-123.309489,37.521,1.2
1244,48.597949,-123.102181,8.792,1.3
1245,48.461804,-123.283162,21.624,1.0
1246,48.568323,-123.676717,23.265,1.1
1247,48.651135,-123.023438,25.211,1.0
1248,48.700281,-123.029028,23.859,0.5
1249,48.488761,-123.647266,22.097,0.3
1250,48.487170,-123.447412,22.431,0.4
1251,48.641243,-123.049097,21.314,0.7
1252,48.649272,-123.043441,20.254,0.6
1253,48.594080,-123.101571,8.281,0.7
1254,48.642509,-123.143872,18.212,0.4
1255,48.598950,-123.048063,15.335,0.3
1256,48.572209,-123.521737,23.808,0.7
1257,48.429834,-123.403784,27.865,0.1
1258,48.409229,-123.475594,8.999,0.2
1259,48.267961,-123.074276,29.908,0.8
1260,48.264685,-123.070841,30.504,0.6
1261,48.376746,-123.748625,6.759,0.5
1262,48.385132,-123.764347,1.812,0.1
1263,48.508228,-123.313053,27.936,1.0
1264,48.455709,-123.534253,9.613,0.7
1265,48.491956,-123.379126,22.389,0.1
1266,48.485282,-123.376424,23.323,0.8
1267,48.580505,-123.698983,21.440,0.3
1268,48.540072,-123.267114,44.673,0.9
1269,48.486719,-123.494377,1.949,1.1
1273,48.285876,-123.155509,40.536,0.9
1274,48.496240,-123.367269,22.284,0.7
1275,48.683211,-123.234782,19.736,0.4
1276,48.635148,-123.133130,19.248,0.6
1277,48.571061,-123.516260,24.847,1.4
1278,48.327401,-123.006828,7.377,1.3
1279,48.518673,-123.731120,20.090,1.4
1280,48.411938,-123.499813,6.625,1.5
1281,48.380090,-123.382845,9.044,1.0
1282,48.630168,-123.130843,14.027,1.3
1283,48.694010,-123.268913,22.186,0.9
1284,48.632121,-123.135116,13.566,1.8
1285,48.386471,-123.695369,2.136,1.1
1286,48.619055,-123.060246,16.515,1.4
1287,48.619307,-123.070410,14.895,1.3
1288,48.629220,-123.133065,13.309,0.3
1289,48.617965,-123.061385,15.953,1.0
1290,48.598100,-123.096037,8.964,1.4
1291,48.650655,-123.007878,22.810,0.9
1292,48.600920,-123.114966,58.420,1.4
1293,48.559749,-123.087850,58.125,3.2
1294,48.612939,-122.996134,52.192,1.0
1295,48.604370,-123.034717,16.366,0.7
1296,48.592204,-123.032284,18.449,1.2
1297,48.470732,-123.274015,23.846,1.3
1298,48.413997,-123.275578,9.208,0.7
1299,48.599813,-123.110229,12.936,1.2
1300,48.686397,-123.318075,21.368,0.1
1301,48.495622,-123.655436,21.920,0.9
1302,48.601506,-123.037427,15.505,0.8
1303,48.418376,-123.592684,23.736,1.1
1304,48.489547,-123.384701,25.612,0.4
1305,48.467362,-123.272974,22.310,0.6
1306,48.470402,-123.275277,24.147,1.3
1307,48.399215,-124.247054,35.696,1.5
1308,48.220190,-123.276375,26.570,1.2
1309,48.615544,-123.090918,8.231,0.5
1310,48.610103,-123.685075,24.562,1.4
1311,48.314307,-123.207756,42.474,0.7
1312,48.608057,-123.051953,16.537,0.9
1313,48.584875,-123.105412,9.987,0.8
1314,48.608354,-123.047648,18.072,0.8
1315,48.605330,-123.004338,18.348,0.7
1316,48.611995,-123.048755,17.570,0.4
1317,48.602336,-123.051367,16.479,0.8
1318,48.605074,-123.052734,16.014,1.3
1319,48.601550,-123.051563,18.118,0.6
1320,48.601933,-123.049390,15.579,0.9
1321,48.610974,-123.049593,15.662,0.5
1323,48.611540,-123.064738,12.145,0.9
1324,48.601139,-123.055632,15.255,0.8
1325,48.607284,-123.052490,17.005,1.2
1326,48.606189,-123.051245,15.839,0.9
1327,48.605009,-123.058341,15.603,1.0
1328,48.607129,-123.053027,16.859,1.0
1329,48.604118,-123.051831,16.514,0.5
1330,48.607971,-123.051432,16.427,0.9
1331,48.212309,-123.156104,45.058,1.3
1332,48.329057,-123.108716,41.226,0.8
1333,48.403528,-123.485645,5.686,1.0
1334,48.607874,-123.604704,22.268,0.4
1335,48.593111,-123.053353,14.903,0.9
1336,48.319975,-123.211792,41.393,1.2
1337,48.613000,-123.633301,18.453,1.0
1338,48.609448,-123.053768,17.145,1.7
1339,48.609615,-123.052344,17.294,1.6
1340,48.608582,-123.058472,14.223,1.2
1341,48.453906,-123.401945,19.449,1.1
1342,48.625444,-123.034652,18.266,1.0
1343,48.243604,-123.134635,20.955,0.7
1345,48.209330,-123.376619,41.305,2.0
1346,48.399048,-123.496745,45.283,2.2
1347,48.528536,-123.474406,29.510,0.9
1348,48.481047,-123.592790,17.478,0.5
1349,48.231165,-123.297795,39.609,1.6
1350,48.615129,-123.027702,13.519,1.3
1351,48.610592,-123.045907,14.530,1.1
1352,48.467676,-123.493595,2.799,1.0
1353,48.489644,-123.642757,21.575,0.9
1354,48.222811,-123.124943,25.249,1.0
1355,48.221387,-123.138452,26.942,1.1
1356,48.601843,-123.036190,18.868,1.4
1357,48.635116,-123.104053,5.551,0.8
1358,48.637439,-123.122860,15.917,0.8
1359,48.636247,-123.117155,12.561,0.2
1360,48.640181,-123.118009,13.531,0.6
1361,48.640999,-123.125187,15.843,0.7
1362,48.638057,-123.125586,12.098,0.8
1363,48.638509,-123.117334,14.884,0.7
1364,48.648120,-123.124878,18.501,0.9
1365,48.639311,-123.127197,15.358,2.0
1366,48.641846,-123.124268,16.169,0.7
1367,48.642004,-123.126693,15.633,1.8
1368,48.639160,-123.124878,15.267,1.5
1369,48.632642,-123.125472,13.107,0.8
1370,48.637109,-123.120809,11.952,0.2
1371,48.639128,-123.120996,13.185,0.7
1372,48.511796,-123.522957,18.431,0.7
1373,48.524691,-123.505607,19.565,0.5
1374,48.524255,-123.506966,19.613,0.4
1375,48.508305,-123.536255,18.485,0.8
1376,48.508105,-123.524097,18.418,1.1
1377,48.638151,-123.127865,14.267,1.3
1378,48.495076,-123.271021,26.643,0.8
1379,48.522196,-123.513468,19.747,0.7
1380,48.489884,-123.531445,16.180,0.3
1381,48.459513,-124.389038,37.059,1.2
1382,48.633236,-123.125423,9.443,0.1
1383,48.713672,-123.622795,22.985,0.5
1384,48.643730,-123.118132,15.490,2.4
1385,48.641821,-123.124422,16.613,2.4
1386,48.479472,-123.281641,25.905,0.9
1387,48.639417,-123.128719,14.970,1.4
1388,48.642281,-123.128605,14.608,1.0
1389,48.495190,-123.286117,27.583,2.2
1390,48.640263,-123.124023,13.893,0.8
1391,48.520898,-123.508333,18.826,0.9
1392,48.469226,-123.447705,22.511,0.3
1393,48.519861,-123.518018,19.639,0.4
1394,48.639510,-123.125366,14.683,0.4
1395,48.499190,-123.635799,24.443,0.7
1396,48.494678,-123.636190,25.423,1.0
1397,48.666964,-123.281356,19.652,0.5
1398,48.513810,-123.508097,19.402,0.3
1399,48.499329,-123.630916,26.185,1.2
1400,48.499430,-123.628337,26.115,3.0
1401,48.638188,-123.125456,15.014,0.5
1402,48.407133,-123.083049,24.722,1.5
1403,48.553589,-123.055249,57.120,2.1
1404,48.548397,-123.620768,2.223,0.8
1405,48.406246,-123.664315,7.043,0.8
1406,48.378133,-123.317432,25.855,0.9
1407,48.413127,-123.117017,25.707,1.6
1408,48.415531,-123.296102,43.440,1.5
1409,48.666231,-123.222518,60.984,3.3
1410,48.633793,-123.276847,13.358,1.0
1411,48.567452,-123.465186,22.028,0.2
1412,48.291329,-123.256966,39.370,1.2
1413,48.665011,-123.208911,15.643,1.1
1414,48.385246,-124.205160,35.758,1.8
1415,48.518860,-123.513892,19.414,0.3
1416,48.576571,-123.074992,13.163,1.0
1417,48.589819,-123.081885,9.849,0.8
1418,48.590588,-123.088151,13.023,1.1
1419,48.400167,-123.034245,8.220,0.8
1420,48.591235,-123.082340,13.215,0.7
1421,48.477539,-123.508423,1.194,0.3
1422,48.479346,-123.732576,21.227,0.6
1423,48.445345,-123.462557,20.138,1.0
1424,48.463086,-123.559920,1.024,0.8
1425,48.633525,-123.138582,17.386,0.8
1427,48.616817,-123.040267,17.644,1.2
1428,48.483813,-123.594491,21.677,0.7
1429,48.481356,-123.527889,1.483,1.1
1430,48.655575,-123.442131,4.456,1.3
1431,48.562317,-124.059538,21.979,0.8
1432,48.552063,-123.478735,25.349,1.7
1433,48.377909,-123.136458,14.074,0.5
1434,48.619084,-123.083317,14.990,2.4
1435,48.613623,-123.088753,9.055,1.2
1436,48.611971,-123.090495,8.983,0.8
1437,48.609774,-123.094271,7.984,0.7
1438,48.617367,-123.085254,13.744,2.2
1439,48.551518,-123.457528,24.551,0.4
1440,48.613436,-123.089217,9.142,1.1
1442,48.577120,-123.050586,15.918,0.7
1443,48.640324,-123.124382,15.222,0.2
1444,48.575505,-123.055534,16.505,0.5
1445,48.580086,-123.054370,16.700,0.9
1446,48.594678,-123.040918,15.386,1.1
1447,48.245707,-123.170858,24.138,1.7
1448,48.638110,-123.044621,19.140,0.7
1449,48.637288,-123.043701,19.219,0.5
1450,48.497400,-123.637630,25.134,0.1
1451,48.461153,-123.351245,14.874,0.4
1452,48.610864,-123.065267,13.799,0.6
1453,48.609578,-123.064697,14.127,0.6
1454,48.391414,-123.467082,40.644,0.7
1455,48.708223,-123.482194,49.592,0.3
1456,48.612899,-123.014925,19.031,0.1
1457,48.611780,-123.025024,15.535,0.7
1458,48.608521,-123.027555,13.592,1.3
1459,48.612272,-123.027425,15.754,1.1
1460,48.610803,-123.023641,15.314,1.0
1461,48.612427,-123.026457,14.867,1.2
1462,48.562341,-124.061450,21.490,0.6
1463,48.591280,-123.109237,8.482,0.8
1464,48.342147,-123.479378,38.719,1.4
1465,48.233793,-123.300024,24.763,0.7
1466,48.558118,-124.018571,22.098,0.8
1467,48.597274,-123.078979,14.473,1.9
1468,48.483834,-123.393042,23.604,1.2
1469,48.587939,-123.529085,25.481,0.5
1471,48.469438,-123.481917,25.281,1.3
1472,48.478601,-123.253337,24.955,0.7
1473,48.427352,-123.236174,48.043,1.0
1474,48.417306,-123.209253,13.935,1.1
1475,48.416789,-123.206437,14.166,0.6
1476,48.489046,-123.578052,24.383,1.0
1478,48.503072,-123.591659,21.361,0.5
1479,48.605273,-123.102075,9.580,1.5
1480,48.634151,-123.049569,16.405,1.1
1481,48.633577,-123.050472,15.448,1.2
1482,48.673971,-123.254720,21.632,0.6
1483,48.494250,-123.645459,21.745,1.4
1484,48.539205,-123.435360,25.374,0.2
1485,48.406254,-123.362655,11.880,0.4
1486,48.679655,-123.340942,22.420,0.5
1487,48.466817,-123.273299,23.215,1.2
1488,48.468416,-123.278198,22.968,0.5
1489,48.234985,-123.301294,38.737,0.8
1490,48.595622,-123.083285,8.907,0.8
1491,48.675435,-123.259277,21.902,0.7
1492,48.507666,-123.290877,28.833,2.4
1493,48.604744,-123.630273,23.756,0.6
1494,48.439071,-123.608765,8.443,1.5
1495,48.501827,-123.622640,26.296,0.5
1496,48.465877,-123.274202,23.680,1.1
1497,48.460177,-123.277816,24.495,0.8
1498,48.680103,-123.953556,22.387,1.0
1499,48.702865,-123.455729,53.203,1.8
1500,48.607515,-123.651912,23.177,0.3
1501,48.698230,-123.287712,21.083,0.2
1502,48.325309,-123.272713,26.318,1.1
1503,48.469702,-123.273730,23.323,1.0
1504,48.485722,-123.275968,22.098,0.0
1505,48.470683,-123.328158,22.579,0.5
1506,48.615450,-123.122965,12.811,0.9
1507,48.612708,-123.124650,9.962,0.7
1508,48.437903,-123.605778,8.420,1.0
1509,48.404407,-123.406120,11.979,1.1
1510,48.394381,-123.428703,25.556,0.9
1511,48.548539,-123.447046,22.925,1.1
1512,48.501754,-123.674756,20.522,1.0
1513,48.649882,-123.910197,17.814,2.1
1514,48.433997,-123.480062,41.253,1.6
1515,48.507829,-123.266593,26.600,1.4
1516,48.469499,-123.280526,23.350,0.9
1517,48.493486,-123.579533,6.971,1.3
1518,48.461544,-123.276587,21.971,0.3
1519,48.499792,-123.661165,21.915,1.2
1520,48.208199,-123.400798,16.416,1.2
1521,48.464457,-123.294124,23.386,1.5
1523,48.498372,-123.622290,21.915,0.7
1524,48.595487,-123.080998,14.502,1.2
1526,48.394356,-123.661393,2.026,1.0
1527,48.468803,-123.488574,12.541,0.8
1528,48.466398,-123.277173,22.790,0.8
